100
271 700
418 840
570 364
623 795
174 848
432 463
683 391
293 792
58 116
522 158
575 492
948 952
232 22
538 741
55 31
99 326
82 517
517 3
232 140
797 405
339 581
219 22
971 863
813 380
978 686
537 905
177 484
208 760
858 745
500 912
128 951
237 561
819 106
564 50
245 712
806 935
292 376
956 615
590 769
994 919
806 883
823 983
718 31
94 575
127 594
487 254
544 75
815 714
180 378
763 776
89 920
711 733
295 18
347 236
138 692
154 944
574 329
926 292
711 19
218 837
964 56
91 859
131 905
572 662
634 686
790 74
605 852
806 251
869 504
486 7
196 640
950 121
968 227
764 678
597 982
866 561
37 956
771 519
212 343
533 197
380 322
271 985
173 428
235 41
284 73
399 831
64 348
951 31
574 715
60 523
48 925
83 436
233 205
955 444
899 487
641 279
160 263
263 684
42 849
724 325