20
22
75 26 45 72 81 47 29 97 2 75 25 82 84 17 56 32 2 28 37 57 39 18
11
79 6 40 68 68 16 40 63 93 49 91
10
55 68 31 80 57 18 34 28 76 55
21
80 22 45 11 67 67 74 91 4 35 34 65 80 21 95 1 52 25 31 2 53
96
22 89 99 7 66 32 2 68 33 75 92 84 10 94 28 54 12 9 80 43 21 51 92 20 97 7 25 67 17 38 100 86 4 83 20 6 81 58 59 53 2 54 62 25 35 79 64 27 49 32 95 100 20 58 39 92 30 67 89 58 81 100 66 73 29 75 81 70 55 18 28 7 35 98 52 30 11 69 48 84 54 13 14 15 86 34 82 92 26 8 53 62 57 50 31 61
85
88 5 80 64 90 52 47 43 40 93 69 70 16 43 7 25 99 12 63 99 71 76 55 17 90 43 27 20 42 84 39 96 75 1 58 49 77 40 28 38 55 17 53 33 68 57 7 56 78 77 68 99 82 41 26 64 69 1 98 98 63 15 13 95 23 71 6 57 4 10 10 44 11 84 10 59 62 94 49 7 46 37 87 79 6
85
91 42 42 34 94 51 89 98 29 12 64 97 23 20 97 80 17 38 76 83 65 40 41 55 3 16 56 13 11 74 31 24 9 76 4 51 99 76 25 93 39 37 74 23 46 19 54 57 14 43 86 97 100 56 9 79 79 61 14 23 44 100 94 47 20 52 63 74 29 84 30 22 65 46 85 91 53 5 10 53 56 43 94 54 97
75
31 74 20 37 95 45 54 73 6 65 24 52 31 29 53 31 92 27 13 81 38 63 58 58 66 1 95 74 7 51 68 78 9 4 7 8 92 99 50 6 99 22 98 15 81 67 82 37 19 11 26 44 88 26 44 2 88 44 55 21 89 46 31 16 45 54 34 22 50 83 42 26 41 86 1
61
32 61 68 3 76 58 72 66 59 24 36 41 54 18 25 95 49 25 56 50 78 11 83 84 90 59 45 45 68 22 1 55 72 85 75 12 65 21 20 96 16 57 49 48 7 35 91 84 82 68 98 74 41 39 93 17 3 34 68 71 65
21
83 3 66 49 32 76 88 38 64 36 73 70 22 74 32 60 55 48 80 61 89
54
20 34 33 45 90 40 12 17 35 11 37 83 44 68 78 56 45 27 98 8 28 58 66 91 71 76 5 64 79 70 9 41 29 25 29 61 41 66 70 94 14 13 1 87 48 14 65 22 22 48 34 11 97 93
38
72 6 3 11 47 36 42 43 31 20 23 43 39 14 3 1 22 35 77 75 21 77 4 61 72 93 47 62 37 98 71 36 4 20 1 43 33 97
77
10 45 87 24 46 89 24 43 58 61 89 81 89 19 88 77 99 25 13 34 20 79 65 97 27 51 6 63 100 71 68 52 66 50 52 100 19 11 56 26 15 64 80 17 57 64 79 1 26 90 67 4 75 16 49 6 99 57 54 55 91 39 5 37 68 54 66 36 28 7 32 32 86 66 68 59 18
52
68 68 10 5 65 69 75 60 2 38 16 6 2 59 22 23 26 6 19 5 21 75 15 55 74 58 46 11 49 97 88 76 78 83 11 64 85 30 77 83 28 57 35 71 85 51 95 38 81 46 3 36
1
33
59
86 93 47 19 27 28 10 47 23 94 5 98 99 54 49 20 14 88 88 35 7 64 17 85 65 81 66 16 85 31 58 37 28 37 76 54 43 80 18 56 49 22 78 13 56 16 36 88 36 49 14 28 54 41 67 64 38 66 69
70
46 42 99 68 25 35 51 74 50 61 73 6 82 52 42 35 37 60 59 49 9 95 47 74 81 26 24 9 43 25 27 10 95 98 55 67 98 90 78 95 8 16 100 33 50 12 82 53 97 81 20 27 25 55 40 70 50 78 33 39 19 33 88 99 58 20 22 61 66 22
1
100
65
71 94 58 75 56 10 54 29 74 95 16 26 83 64 52 15 40 35 80 62 74 45 12 45 7 54 21 20 11 7 3 13 52 63 51 91 25 74 42 43 81 42 19 30 29 53 57 3 1 40 43 38 71 73 6 89 78 31 78 19 52 56 49 47 61
34
51 18 30 91 93 23 3 63 46 72 6 54 61 31 89 51 28 63 12 99 78 19 36 72 71 95 49 54 67 15 89 25 19 41