100
100 1
100
10 3
20 3 15
237082 1
44795
794125 5
642443 771868 156502 827193 281504
11 5
5 5 5 5 10
438142 1
140748
596570 5
27050 246865 957586 112293 68115
3 5
3 2 3 2 3
10 5
33 121 226 188 28
85574 1
574774
841622 4
474776 613007 981090 334095
1000000 5
964699 577600 256462 660624 536584
112687 1
783906
6 5
100 157 168 3 89
84910 5
842516 625686 227240 134667 597342
863881 5
779844 16295 792359 996317 227353
333718 5
670146 616516 495458 415831 55492
1 5
1000000 1000000 1000000 1000000 1000000
4 5
2 2 1 2 1
6 5
1 4 4 3 1
472165 5
726619 359744 332716 148951 28326
135925 3
884215 389375 824504
204255 5
239656 219296 860453 478879 89882
1000000 5
1 1 1 1 1
21385 1
846685
849286 5
353876 143306 68245 84180 218024
3 4
2 2 2 4
11 5
10 5 5 5 5
207839 5
2035 126289 204204 658365 927525
734002 3
877867 362378 668399
460750 1
311383
74719 5
277053 847194 860219 955589 977008
62610 1
46032
567275 5
193566 337998 382751 610429 857495
1000000 1
999999
710205 2
633069 452594
7 5
2 1 1 2 2
923387 1
764661
354235 4
247630 75200 862471 472204
374857 5
263660 363464 208586 183611 49578
470612 5
981475 980898 860664 736365 245135
261885 1
975443
195526 4
128241 205699 399730 240610
531201 5
45389 145686 361024 351650 269876
825063 5
628010 38692 666304 897355 464432
414809 5
8155 150544 218359 387782 317818
1000000 1
1000000
586015 4
918368 951167 113130 814798
818963 5
322032 84734 397644 58615 71493
7 5
307 669 722 240 96
534285 2
196786 952727
670264 5
229160 90431 799492 699771 467446
1000000 5
1000000 1000000 1000000 1000000 1000000
928479 5
216473 211059 846846 683991 324188
196659 2
67893 849904
292458 5
742792 294264 596854 370959 418046
1 5
1 1 1 1 1
531313 1
659021
269345 2
425740 122745
3 4
2 2 2 3
69998 2
468615 768428
1000000 5
571197 884373 748332 702643 379628
2 5
10 2 3 7 6
782267 2
160483 249437
455416 5
3479 112317 929200 818704 510198
776341 5
318684 438574 831832 814142 854404
270408 5
78600 97836 557667 612877 895297
1000000 5
610783 281169 996538 618880 13953
10 5
5 5 5 5 10
615787 1
721650
780967 5
197020 720162 26101 857732 181464
666205 1
656198
835976 3
508237 708223 140725
456377 1
905247
821250 4
153375 597912 564955 825283
2 5
1 1 1 1 1
3 3
1 1 100
288604 1
844664
5 5
39 37 20 33 23
169763 5
179215 619038 706343 770036 864277
9 5
1 1 1 1 1
1000000 5
896490 414356 254754 211875 106262
97699 4
691664 927889 435696 693781
1 5
732785 78181 711963 329915 902290
112370 5
926435 879211 775800 625979 385077
1000000 5
112875 895062 653178 332885 519952
312521 4
688580 103857 925540 885028
197580 3
916546 60744 538994
82875 3
944383 875441 527116
625195 5
416339 783547 169872 265406 659642
70430 4
468704 96638 802706 908442
485766 5
886851 603419 517414 318643 60029
149199 1
191538
7 5
133 385 580 183 551
86675 1
942552
196448 3
391 272041 515167
965404 4
610950 859245 986788 973986
439754 3
553023 596492 598548
2 4
2 2 2 6
495724 4
580632 565073 330719 171679
