100
100 1
100
10 3
20 3 15
700082 2
936775 84334
1000000 1
999999
5 5
29 683 288 433 684
2 4
2 2 2 6
881449 5
175831 52023 776012 241044 952790
706827 1
384314
1000000 5
880366 702789 529813 97226 143578
158146 3
750754 878241 780936
611414 5
142340 340343 151163 165654 342301
532437 1
197502
715554 5
198234 309781 201191 854652 755054
1000000 5
825163 597157 219239 621932 306963
763618 3
166102 705019 150069
1000000 5
801624 582923 970634 527946 821193
364561 5
781213 370130 545659 92170 409732
982021 1
227962
3 4
2 2 2 4
2 5
7 3 5 7 9
164368 3
434138 937047 980123
1 5
1000000 1000000 1000000 1000000 1000000
827635 5
328077 367858 386015 416080 457910
510046 5
779832 613645 545067 485637 316966
1 5
1 1 1 1 1
401421 3
326552 619471 810606
334630 2
734606 944558
363702 5
4838 291871 544682 872437 969565
5 5
2 2 2 2 1
514457 3
425463 924890 972977
482972 3
524168 849619 710970
5 5
254 273 5 269 18
205463 1
560872
11 5
10 5 5 5 5
603156 3
87276 996062 518236
3 4
2 2 2 3
721706 4
673812 196546 122639 331723
548205 5
788192 839442 376403 868286 347722
146580 5
37112 291368 350268 479085 784217
622791 2
992972 115177
929343 5
351400 277510 446945 32120 711647
153578 1
82465
1000000 5
361117 461147 855684 683215 933448
1000000 5
1 1 1 1 1
1000000 5
378010 398769 562008 609297 548247
4 5
412 540 766 824 473
43627 5
7440 34461 453313 466550 869824
799993 4
997967 702909 488710 969272
378212 3
548862 384416 714277
10 5
185 155 304 244 149
211783 3
691379 623574 852768
376303 5
394053 837946 220731 718473 469192
745834 5
358646 264053 247605 292094 91687
620128 1
273012
913689 4
660891 611665 613770 597666
543210 5
291120 254579 598014 645956 135491
2 5
1 1 1 1 1
942169 5
151148 322377 193126 612057 386452
12242 4
837893 443553 819713 92472
782295 5
671373 640986 211715 159479 8316
74015 5
626770 399954 882237 653168 13598
10 5
5 5 5 5 10
702575 2
754056 91202
4157 5
944871 551846 475255 710538 447855
110221 5
613712 222758 866031 576815 613654
3 3
1 1 100
1 5
1 1 2 1 1
266470 1
125789
619822 2
913137 20007
351203 5
308743 35022 366188 368672 278648
1 5
9 1 11 12 1
642287 2
51737 764634
688717 1
454954
299404 5
175758 89812 310997 128333 538452
1000000 5
1000000 1000000 1000000 1000000 1000000
885606 5
147428 184602 319623 463931 621366
993418 5
730684 465539 70641 31831 464862
182646 5
335314 789698 96334 996204 401363
152465 5
352595 933647 517598 271413 844557
621985 5
602439 18913 656445 934599 169479
449115 5
461102 594649 61800 973657 996011
939410 5
39852 341880 350132 188099 105581
7 5
2 3 1 1 1
145937 4
261923 999543 767302 277769
332160 5
634215 601551 598171 593106 512564
942333 5
696297 901999 879476 210753 327461
915081 3
895122 186584 817079
996304 3
755811 446751 874545
1000000 1
1000000
9 5
4 4 4 1 2
1 5
955950 455599 216514 918059 558381
309873 2
540795 65019
289867 1
409186
324421 5
828199 631247 553368 370251 327474
499495 5
765668 757726 661218 471098 4615
11 5
5 5 5 5 10
765902 5
447162 767650 883805 967764 745856
123056 5
274559 13094 369171 12103 76026
845760 1
134487
8 5
2 2 2 1 2
